887
106 318
558 318
196 285
771 83
690 636
126 116
130 167
179 370
504 96
8 25
96 6
93 374
718 234
161 51
611 865
624 358
23 280
247 121
52 645
480 725
300 330
837 732
544 713
15 270
274 367
484 781
6 12
655 189
142 855
449 314
53 21
125 795
381 782
383 634
556 698
71 79
104 16
122 377
25 450
236 327
29 277
305 396
295 285
80 231
210 719
879 313
51 551
417 669
685 239
176 152
191 601
90 5
561 78
633 231
331 287
519 313
193 133
153 51
117 466
124 43
213 414
493 112
180 17
403 527
410 47
162 298
530 264
800 751
237 133
432 867
303 704
582 570
15 64
714 309
406 38
100 155
431 376
555 96
502 8
71 824
446 585
776 662
163 302
777 380
404 95
212 292
195 768
651 80
273 221
722 99
8 10
357 276
802 285
339 73
170 100
860 488
335 153
286 617
780 693
41 68
724 590
665 156
334 106
66 2
810 324
56 105
488 548
139 398
442 870
575 130
697 620
40 101
779 649
611 436
17 50
307 44
93 361
260 281
10 142
141 186
36 83
7 11
34 46
541 524
340 435
478 769
478 840
273 389
93 46
568 750
629 354
540 565
319 75
778 309
75 60
230 576
648 260
619 661
503 604
444 540
608 89
211 303
526 511
815 393
254 660
455 360
62 215
507 554
844 766
182 147
16 38
533 105
12 366
563 605
748 80
19 22
596 234
24 592
4 139
258 515
856 45
140 165
419 128
8 343
82 150
506 208
208 702
386 503
671 853
42 15
185 79
570 600
224 212
274 574
78 41
273 806
336 188
219 381
501 425
14 2
279 187
474 861
646 387
261 364
518 261
18 27
177 42
203 332
60 512
308 637
15 20
638 439
401 773
638 885
324 87
293 537
83 121
11 737
674 195
168 178
130 119
110 187
55 7
290 232
517 235
258 429
35 31
190 54
314 368
787 772
283 322
106 160
566 721
224 675
24 323
774 675
659 287
760 191
1 154
497 369
691 739
544 572
178 616
269 56
429 858
219 176
770 215
208 228
535 107
122 251
3 313
427 723
102 387
490 359
133 320
78 85
542 517
843 864
756 541
47 63
550 493
54 18
327 432
360 182
238 78
282 278
423 138
267 483
402 381
148 218
525 641
54 114
204 163
69 828
10 28
252 734
202 371
454 45
344 66
257 231
112 102
82 755
583 402
42 97
884 812
458 40
221 268
265 356
17 383
392 363
392 883
632 222
255 148
58 507
385 761
521 839
13 15
721 838
73 428
25 207
384 98
73 138
126 174
241 151
708 848
452 486
51 236
16 329
127 10
128 152
421 343
283 1
52 14
164 567
98 135
545 730
48 8
11 434
376 534
6 18
353 754
492 117
347 278
354 700
338 269
355 135
392 593
266 822
61 203
350 216
211 439
228 411
531 606
6 200
489 640
542 790
72 146
36 22
344 413
54 59
144 470
438 511
849 773
5 2
538 331
140 220
400 505
91 4
348 378
359 41
417 339
123 4
5 13
1 58
373 340
728 409
270 671
1 125
386 751
523 562
324 603
284 241
147 309
88 588
643 743
407 639
156 147
41 20
72 212
288 568
31 118
409 791
871 458
15 474
489 597
513 402
666 577
509 73
496 440
174 427
654 394
181 408
823 131
356 433
8 569
171 45
194 682
216 120
286 212
615 289
854 608
240 59
415 357
84 120
174 315
305 208
447 160
202 692
749 83
460 478
294 401
721 863
683 247
267 602
256 22
88 394
362 240
126 546
658 265
664 460
816 372
249 104
409 344
729 228
252 93
71 52
89 70
706 727
205 227
245 75
457 283
635 554
12 382
199 875
317 61
609 396
673 418
112 495
289 125
547 258
114 169
21 19
347 677
180 226
456 532
426 731
829 411
18 69
571 473
396 570
197 85
29 25
356 424
179 198
50 162
498 113
64 72
6 7
825 642
604 736
348 744
258 29
264 619
65 94
138 735
595 328
657 763
556 354
369 766
296 559
119 294
540 705
179 14
30 7
568 717
544 92
484 238
115 786
482 40
223 130
229 272
232 543
113 325
514 484
831 874
266 306
32 19
559 699
656 311
441 388
477 259
1 2
210 182
51 62
34 243
587 97
827 533
681 432
168 135
693 364
353 59
64 136
3 26
24 599
466 688
480 125
239 521
356 757
397 74
207 653
204 618
873 136
299 46
260 112
335 712
10 19
352 208
393 304
131 710
173 265
73 662
197 230
202 580
547 647
626 201
46 61
296 76
29 132
196 652
808 272
207 209
601 732
237 657
726 40
148 471
126 314
205 78
784 79
408 691
8 1
307 708
196 68
327 694
457 578
616 877
159 120
34 102
549 598
418 367
86 516
66 131
792 811
297 63
13 206
440 76
56 30
158 19
183 12
191 177
560 318
48 222
614 567
585 610
201 20
764 103
672 261
436 353
745 156
241 275
286 880
803 304
709 236
9 3
248 566
362 469
2 3
149 157
308 182
714 783
499 432
391 357
249 274
388 101
679 5
351 277
137 93
101 869
177 266
33 21
49 21
400 14
22 76
487 65
630 588
442 355
212 847
9 106
845 655
527 740
850 122
662 788
339 772
208 37
86 386
706 664
481 322
127 184
586 189
314 785
762 328
524 758
9 77
340 100
549 796
573 357
753 836
842 168
147 96
465 344
412 24
160 349
104 437
703 349
111 86
579 369
38 817
193 485
711 457
594 689
175 636
345 146
852 68
166 165
818 670
48 81
182 821
181 98
51 113
759 859
25 119
494 752
39 194
105 354
10 44
552 450
288 252
435 684
407 324
258 363
254 642
131 195
804 651
189 185
390 309
222 239
276 169
621 123
612 195
438 330
42 80
400 707
122 50
341 243
164 70
76 214
301 237
107 93
549 233
668 436
304 451
334 456
228 876
834 15
524 265
8 45
50 667
24 500
475 315
172 133
460 231
346 169
738 724
338 467
143 8
156 463
680 813
138 175
420 742
420 111
151 51
368 846
248 79
696 432
432 819
793 726
539 533
28 60
184 881
830 502
51 38
37 2
229 123
508 146
232 801
288 472
38 65
650 458
385 150
28 43
351 372
405 262
82 67
250 78
2 365
680 246
254 213
215 262
83 528
628 324
165 278
63 312
69 326
741 431
73 144
348 152
481 866
96 851
129 1
39 14
701 261
676 660
19 108
82 814
595 887
316 107
843 101
529 454
321 525
248 765
236 337
872 675
380 191
33 594
69 244
31 7
560 789
546 686
104 140
202 119
234 29
35 426
453 266
133 92
156 188
625 454
468 332
531 351
832 825
2 304
10 17
444 491
49 399
117 510
86 10
627 216
678 129
456 607
878 681
116 134
184 311
733 363
557 349
862 813
110 59
244 643
775 675
285 473
163 64
253 173
670 268
125 287
21 24
841 776
40 25
132 444
81 631
173 83
489 191
643 663
753 168
563 24
395 39
193 328
553 305
128 18
522 146
87 74
613 254
476 248
61 488
99 44
868 652
820 658
116 68
67 33
886 523
56 211
226 715
217 591
462 359
16 12
96 148
100 60
265 826
376 19
812 19
687 238
342 82
6 117
232 222
272 649
149 58
103 19
258 293
581 468
213 57
448 384
446 295
75 430
518 623
799 453
247 882
286 369
98 77
115 68
617 746
831 712
644 267
805 42
228 792
138 835
767 653
2 34
119 199
461 209
84 70
192 99
353 459
283 443
40 233
180 622
857 723
175 221
260 310
794 442
74 264
464 161
70 10
160 271
358 197
259 8
160 321
545 310
319 564
352 590
92 375
445 372
74 42
181 263
242 577
47 523
184 833
651 759
403 79
589 548
716 34
242 151
225 198
73 21
109 57
172 291
333 172
720 699
59 88
4 2
65 261
620 414
584 343
336 452
520 470
187 422
536 253
141 97
116 217
416 287
809 413
95 51
807 309
23 4
111 747
246 135
62 479
379 317
6 47
299 494