897
52 371
90 98
230 134
540 51
115 302
398 790
461 96
11 218
688 287
40 52
5 92
223 142
106 50
792 28
235 296
369 236
120 365
474 786
318 326
486 186
78 16
664 211
753 173
507 157
698 14
26 173
818 567
199 51
253 249
191 564
584 528
28 27
508 343
751 654
479 302
783 637
351 621
43 335
386 99
343 846
567 403
427 120
559 138
615 45
50 438
44 175
349 192
90 133
232 418
94 530
35 89
273 72
163 585
90 703
179 847
743 125
250 777
19 535
36 324
102 561
184 156
826 309
472 153
538 532
447 442
810 729
224 700
269 119
185 57
35 355
121 110
101 376
395 553
697 559
312 297
80 222
701 479
402 384
558 366
616 331
101 328
62 383
67 140
36 155
147 153
286 206
655 47
774 13
72 208
282 679
370 16
365 498
592 630
15 13
221 85
659 342
285 456
247 551
739 16
341 422
253 555
451 57
529 106
36 506
269 547
174 66
128 19
153 189
117 21
201 473
62 101
5 30
485 462
23 10
653 152
108 694
33 125
667 683
575 474
194 144
256 517
40 9
10 16
68 130
388 200
54 11
37 66
287 121
377 146
133 298
159 38
158 454
441 560
174 181
486 649
619 121
225 137
526 545
618 215
226 122
887 684
146 516
720 532
75 24
153 263
209 354
279 352
394 195
596 140
320 7
603 438
883 789
309 220
741 470
68 752
634 196
210 21
360 286
233 629
371 520
379 23
277 351
299 169
395 6
264 406
391 793
85 257
408 851
207 391
661 378
291 83
189 742
644 714
469 95
559 740
166 366
254 350
193 214
858 117
667 96
96 801
340 20
426 189
157 169
501 436
7 9
544 480
515 133
232 121
279 606
420 259
718 358
759 604
660 300
556 360
12 21
400 336
827 163
548 240
682 680
30 32
15 120
443 539
20 135
73 69
40 380
385 264
758 716
144 179
148 19
568 301
1 2
821 158
249 20
490 843
402 430
890 358
413 788
10 4
331 195
772 242
278 502
126 188
389 375
270 67
433 177
424 591
59 215
638 553
44 58
18 176
331 725
624 132
61 26
357 219
609 73
25 259
4 33
357 635
831 575
121 487
623 645
488 20
51 19
110 557
512 608
676 454
183 97
510 400
247 347
360 628
493 334
35 57
204 294
319 201
139 268
476 462
325 73
190 409
18 13
152 108
505 404
82 2
348 482
6 13
543 105
157 484
126 94
670 93
35 85
524 451
141 140
453 350
502 809
206 497
76 260
164 63
310 84
129 51
336 581
416 305
42 137
241 50
24 2
334 338
687 763
52 747
22 435
22 48
386 571
406 499
382 212
336 392
34 79
642 111
191 101
587 149
752 852
91 532
184 284
440 99
465 240
675 778
398 279
65 70
251 136
417 413
152 441
28 361
800 494
713 169
200 231
321 662
165 97
853 745
65 877
850 884
80 32
82 131
163 77
13 337
427 531
627 707
318 230
779 517
773 727
67 76
135 483
36 23
275 115
727 196
715 127
392 678
461 814
246 34
236 44
49 87
350 404
316 61
281 744
92 757
141 541
209 175
267 183
55 372
38 799
301 190
407 7
290 835
283 77
421 72
24 691
156 345
816 576
62 19
576 333
345 822
647 614
41 168
311 103
104 124
122 11
111 88
732 736
860 518
202 321
651 563
105 103
107 550
110 760
453 699
530 879
140 348
214 387
482 803
72 48
213 444
605 761
400 804
830 195
23 464
656 278
48 192
198 511
769 454
308 108
342 232
332 115
161 133
599 579
555 859
665 261
108 34
395 812
473 734
8 7
113 245
158 622
516 612
157 130
205 121
457 8
90 63
73 213
601 441
43 14
611 249
5 7
25 138
868 496
39 17
506 598
41 38
597 756
71 14
332 528
78 132
146 684
2 42
80 423
198 723
789 591
79 151
11 817
513 626
580 492
36 162
415 335
701 865
636 72
134 115
421 834
192 374
473 768
577 252
602 222
98 687
172 139
268 455
55 668
83 119
144 171
368 239
627 569
42 60
462 163
380 854
29 63
337 685
345 815
146 492
787 522
657 79
1 47
15 55
47 300
101 252
842 861
53 503
536 270
620 159
19 14
637 208
9 228
180 53
362 250
171 590
281 203
105 250
265 83
436 349
381 125
592 371
722 730
478 112
631 673
261 776
125 170
72 83
53 38
303 466
495 96
270 781
201 272
156 811
165 432
159 522
216 271
140 363
554 349
463 216
108 204
160 767
223 490
488 689
891 95
211 44
474 234
7 12
167 137
464 874
728 281
496 421
470 159
196 116
873 800
227 210
414 46
721 285
190 88
633 176
790 819
59 42
279 184
399 13
203 158
22 341
273 566
504 319
244 46
74 114
412 475
690 499
27 212
43 56
31 304
30 229
139 55
388 882
448 680
258 452
671 695
408 140
450 111
893 602
546 417
755 53
45 22
160 605
509 354
648 252
552 187
1 4
60 261
278 401
424 324
1 266
91 13
13 86
137 156
129 785
828 538
574 18
20 49
95 127
147 258
297 31
103 206
96 1
150 200
233 132
28 109
518 463
222 278
403 871
367 237
179 443
839 129
80 512
481 17
37 33
643 311
159 307
850 28
719 337
2 201
708 870
30 35
129 343
101 280
177 8
798 6
243 749
11 2
403 198
143 604
489 867
115 51
41 434
48 113
14 9
434 856
51 216
69 220
709 836
666 28
81 56
382 526
549 96
681 813
489 130
244 519
282 8
669 567
599 885
606 833
1 305
20 46
222 288
128 359
107 96
88 149
313 429
169 182
711 696
4 31
431 78
762 78
239 494
333 54
28 770
614 75
603 895
95 791
610 640
356 28
306 336
524 823
764 250
14 74
94 29
67 35
154 446
542 122
277 244
285 31
344 218
208 595
795 45
234 189
217 185
50 46
623 426
704 268
452 573
38 448
388 514
639 618
17 5
240 8
147 24
149 735
355 572
25 16
617 307
131 235
282 317
425 44
358 586
442 339
390 18
780 183
340 652
378 491
525 44
112 54
128 889
806 487
156 322
91 632
748 620
373 347
184 872
21 439
198 51
7 26
410 109
29 2
766 239
704 794
888 595
323 64
588 582
445 385
352 631
158 866
562 92
384 13
136 83
797 528
832 534
84 247
845 799
78 243
192 654
10 295
61 186
171 327
65 47
589 166
169 658
69 60
419 105
5 6
113 412
223 303
710 519
696 541
802 717
583 329
104 46
500 8
197 139
627 674
306 283
567 731
86 144
396 197
878 564
397 226
358 28
110 19
864 545
675 596
143 40
99 411
33 97
293 90
21 34
795 825
23 527
472 578
227 405
51 99
732 284
563 126
219 195
187 869
8 193
829 492
29 93
364 325
706 278
3 5
23 513
3 142
737 582
2 68
60 123
523 395
88 881
479 534
93 116
109 641
139 722
775 479
146 93
894 360
876 485
118 2
315 262
231 855
25 738
237 112
597 151
729 683
178 42
579 19
20 27
765 74
428 117
13 187
650 113
70 897
837 4
407 693
34 44
136 771
274 263
745 43
672 247
334 127
248 232
254 222
450 459
194 262
195 143
189 782
100 35
314 193
193 255
289 271
663 515
323 724
3 2
104 166
44 160
257 290
26 671
471 189
392 460
506 582
393 361
202 188
94 207
473 841
251 808
140 625
280 565
375 188
863 666
95 4
437 190
70 154
272 313
363 746
200 754
107 242
779 857
537 369
796 299
708 422
413 395
458 398
508 820
569 464
805 273
88 35
114 875
838 820
844 426
750 462
705 96
10 22
79 646
64 23
840 751
224 42
600 60
449 8
108 330
84 71
480 321
350 594
733 530
395 692
40 712
468 191
562 880
